[gd_scene load_steps=9 format=2]

[ext_resource path="res://world.gd" type="Script" id=1]
[ext_resource path="res://drone.gd" type="Script" id=2]
[ext_resource path="res://drone-ui.tscn" type="PackedScene" id=3]
[ext_resource path="res://plant.dae" type="PackedScene" id=4]

[sub_resource type="BoxShape" id=1]
extents = Vector3( 1.88054, 0.427746, 1.62288 )

[sub_resource type="PlaneShape" id=2]

[sub_resource type="PlaneMesh" id=3]
size = Vector2( 20, 20 )

[sub_resource type="SphereMesh" id=4]
radial_segments = 16
rings = 16

[node name="world" type="Spatial"]
script = ExtResource( 1 )

[node name="Drone" type="RigidBody" parent="."]
transform = Transform( 1, 0, 0, 0, 1, 0, 0, 0, 1, -0.194036, 8.43098, -0.89183 )
script = ExtResource( 2 )

[node name="CSGBox" type="CSGBox" parent="Drone"]
transform = Transform( 0.707107, 0, -0.707107, 0, 1, 0, 0.707107, 0, 0.707107, 0, 0, 0 )
width = 0.333691
height = 0.277129
depth = 3.67146

[node name="CSGBox2" type="CSGBox" parent="Drone"]
transform = Transform( -0.642788, 0, -0.766044, 0, 1, 0, 0.766044, 0, -0.642788, 0, 0, 0 )
width = 0.333691
height = 0.277129
depth = 3.67146

[node name="CSGBox3" type="CSGBox" parent="Drone"]
transform = Transform( -0.707107, 0, -0.707107, 0, 1, 0, 0.707107, 0, -0.707107, 0, 0, 0 )
width = 1.0
height = 0.50417
depth = 1.0

[node name="CSGBox4" type="CSGBox" parent="Drone"]
transform = Transform( -0.707107, 0, -0.707107, 0, 1, 0, 0.707107, 0, -0.707107, -1.26317, 0, 1.293 )
width = 0.6
height = 0.6
depth = 0.6

[node name="CSGBox7" type="CSGBox" parent="Drone"]
transform = Transform( -0.707107, 0, -0.707107, 0, 1, 0, 0.707107, 0, -0.707107, -1.41854, 0, -1.30821 )
width = 0.6
height = 0.6
depth = 0.6

[node name="CSGBox5" type="CSGBox" parent="Drone"]
transform = Transform( -0.707107, 0, -0.707107, 0, 1, 0, 0.707107, 0, -0.707107, 1.53318, 0, 1.27627 )
width = 0.6
height = 0.6
depth = 0.6

[node name="CSGBox6" type="CSGBox" parent="Drone"]
transform = Transform( -0.707107, 0, -0.707107, 0, 1, 0, 0.707107, 0, -0.707107, 1.3778, 0, -1.32494 )
width = 0.6
height = 0.6
depth = 0.6

[node name="CollisionShape" type="CollisionShape" parent="Drone"]
shape = SubResource( 1 )

[node name="down" type="Camera" parent="Drone" groups=[
"cam",
]]
transform = Transform( 1, 0, 0, 0, -1.62921e-007, 1, 0, -1, -1.62921e-007, 0, -0.232, 0 )
far = 8192.0

[node name="Camera" type="Camera" parent="Drone" groups=[
"cam",
]]
transform = Transform( 1, 0, 0, 0, 1, 0, 0, 0, 1, 0, -0.232, 0 )
current = true
fov = 90.0
far = 8192.0

[node name="ViewportContainer" type="ViewportContainer" parent="Drone/Camera"]
anchor_right = 1.0
anchor_bottom = 1.0

[node name="Control" parent="Drone/Camera/ViewportContainer" instance=ExtResource( 3 )]
editor/display_folded = true

[node name="Floor" type="StaticBody" parent="."]
transform = Transform( 100, 0, 0, 0, 100, 0, 0, 0, 100, 0, 0, 0 )

[node name="CollisionShape" type="CollisionShape" parent="Floor"]
shape = SubResource( 2 )
__meta__ = {
"_edit_lock_": true
}

[node name="CSGMesh" type="CSGMesh" parent="Floor"]
mesh = SubResource( 3 )
__meta__ = {
"_edit_lock_": true
}

[node name="Camera" type="Camera" parent="." groups=[
"cam",
]]
transform = Transform( 1, 0, 0, 0, 0.866025, 0.5, 0, -0.5, 0.866025, 0, 18.2263, 12 )
current = true
fov = 50.0
far = 8192.0

[node name="map" type="Spatial" parent="."]
editor/display_folded = true

[node name="CSGMesh" type="CSGMesh" parent="map"]
editor/display_folded = true
transform = Transform( 10, 0, 0, 0, 10, 0, 0, 0, 10, -13.5935, 0.755067, -18.5641 )
use_collision = true
mesh = SubResource( 4 )
__meta__ = {
"_edit_lock_": true
}

[node name="CSGCylinder" type="CSGCylinder" parent="map/CSGMesh"]
transform = Transform( 1, 0, 0, 0, 1, 0, 0, 0, 1, 0, 0.495018, 0 )
radius = 0.2

[node name="CSGBox" type="CSGBox" parent="map"]
editor/display_folded = true
transform = Transform( 0.677256, 0, -0.735748, 0, 1, 0, 0.735748, 0, 0.677256, -4.77988, 3.6057, 0 )
use_collision = true
width = 14.3831
height = 12.4655
depth = 11.3287

[node name="CSGBox2" type="CSGBox" parent="map/CSGBox"]
transform = Transform( 1, 0, 0, 0, 1, 0, 0, 0, 1, 5.83203, 7.11376, -3.7994 )
operation = 2
width = 14.3831
height = 13.8541
depth = 11.3287

[node name="plant" parent="map" instance=ExtResource( 4 )]
transform = Transform( 0.960085, 0, -0.279708, 0, 1, 0, 0.279708, 0, 0.960085, 5.57872, -0.104694, -0.239047 )

[node name="plant7" parent="map" instance=ExtResource( 4 )]
transform = Transform( 0.960085, 0, -0.279708, 0, 1, 0, 0.279708, 0, 0.960085, -34.609, -0.104694, -0.239047 )

[node name="plant10" parent="map" instance=ExtResource( 4 )]
transform = Transform( 0.960085, 0, -0.279708, 0, 1, 0, 0.279708, 0, 0.960085, -9.28347, -0.104694, -59.8594 )

[node name="plant16" parent="map" instance=ExtResource( 4 )]
transform = Transform( 0.960085, 0, -0.279708, 0, 1, 0, 0.279708, 0, 0.960085, 38.9207, -0.104694, -59.8594 )

[node name="plant17" parent="map" instance=ExtResource( 4 )]
transform = Transform( 0.844527, 0, 0.535513, 0, 1, 0, -0.535513, 0, 0.844527, 36.3822, -0.104694, 13.0577 )

[node name="plant2" parent="map" instance=ExtResource( 4 )]
transform = Transform( 0.960085, 0, -0.279708, 0, 1, 0, 0.279708, 0, 0.960085, 113.836, -0.104694, 3.48313 )

[node name="plant8" parent="map" instance=ExtResource( 4 )]
transform = Transform( 0.960085, 0, -0.279708, 0, 1, 0, 0.279708, 0, 0.960085, -32.4659, -0.104694, 3.48313 )

[node name="plant9" parent="map" instance=ExtResource( 4 )]
transform = Transform( 0.960085, 0, -0.279708, 0, 1, 0, 0.279708, 0, 0.960085, -32.4659, -0.104694, -56.1372 )

[node name="plant13" parent="map" instance=ExtResource( 4 )]
transform = Transform( 0.960085, 0, -0.279708, 0, 1, 0, 0.279708, 0, 0.960085, 44.3545, -0.104694, -52.7237 )

[node name="plant20" parent="map" instance=ExtResource( 4 )]
transform = Transform( 0.844527, 0, 0.535513, 0, 1, 0, -0.535513, 0, 0.844527, 40.5919, -0.104694, 13.9101 )

[node name="plant3" parent="map" instance=ExtResource( 4 )]
transform = Transform( 0.960085, 0, -0.279708, 0, 1, 0, 0.279708, 0, 0.960085, 8.04398, -0.104694, 0.628686 )

[node name="plant6" parent="map" instance=ExtResource( 4 )]
transform = Transform( 0.960085, 0, -0.279708, 0, 1, 0, 0.279708, 0, 0.960085, -41.1738, -0.104694, -2.99566 )

[node name="plant11" parent="map" instance=ExtResource( 4 )]
transform = Transform( 0.960085, 0, -0.279708, 0, 1, 0, 0.279708, 0, 0.960085, -32.1437, -0.104694, -58.9917 )

[node name="plant15" parent="map" instance=ExtResource( 4 )]
transform = Transform( 0.960085, 0, -0.279708, 0, 1, 0, 0.279708, 0, 0.960085, 41.386, -0.104694, -58.9917 )

[node name="plant18" parent="map" instance=ExtResource( 4 )]
transform = Transform( 0.844527, 0, 0.535513, 0, 1, 0, -0.535513, 0, 0.844527, 38.663, -0.104694, 11.7815 )

[node name="plant4" parent="map" instance=ExtResource( 4 )]
transform = Transform( 0.960085, 0, -0.279708, 0, 1, 0, 0.279708, 0, 0.960085, 2.96713, -0.104694, 6.46096 )

[node name="plant5" parent="map" instance=ExtResource( 4 )]
transform = Transform( 0.960085, 0, -0.279708, 0, 1, 0, 0.279708, 0, 0.960085, -5.57465, -0.104694, 27.4417 )

[node name="plant12" parent="map" instance=ExtResource( 4 )]
transform = Transform( 0.960085, 0, -0.279708, 0, 1, 0, 0.279708, 0, 0.960085, -37.2206, -0.104694, -53.1594 )

[node name="plant14" parent="map" instance=ExtResource( 4 )]
transform = Transform( 0.960085, 0, -0.279708, 0, 1, 0, 0.279708, 0, 0.960085, 36.3092, -0.104694, -53.1594 )

[node name="plant19" parent="map" instance=ExtResource( 4 )]
transform = Transform( 0.844527, 0, 0.535513, 0, 1, 0, -0.535513, 0, 0.844527, 39.6833, -0.104694, 19.4462 )

[node name="DirectionalLight" type="DirectionalLight" parent="."]
transform = Transform( 1, 0, 0, 0, -1.62921e-007, 1, 0, -1, -1.62921e-007, 0, 16, 0 )
light_color = Color( 0.901961, 0.92549, 0.960784, 1 )
light_energy = 0.5
shadow_enabled = true
shadow_color = Color( 0.0705882, 0.0627451, 0.12549, 1 )
